6.692576466184674
6.3326050584966485
6.219200192075787
5.922408826423414
5.665031201911695
5.528351205768007
5.406633015834924
5.33935564214533
5.301515824867018
5.2520199688998135
5.219356479066791
5.179243824698708
5.146777095216693
5.0985354510220615
5.079487540505149
5.031687418619792
5.001745888681123
4.954142079208836
4.944565830808697
4.9231468402978145
4.869743087074974
4.845722184036717
4.8021886131980205
4.796610384276419
4.776550495263302
4.740152402357622
4.706907937020967
4.687026659647624
4.688172080300071
4.640058112866951
4.630150708285245
4.612244172529741
4.607234232353441
4.565758734038382
4.553684350216027
4.553941957878344
4.529000744675145
4.515667619127216
4.514499924399636
4.4813673135006065
4.474361145135128
4.457040425502893
4.459605968359745
4.425152374036385
4.416616006331011
4.402434796997995
4.414527965314461
4.393972006711093
4.404032056981867
4.3806146563905655
4.36421047557484
4.356752612374046
4.301638256419789
4.306062134829435
4.290306105758205
4.304390372651996
4.371550834540165
4.311301505926884
4.265311270049124
4.228906667593754
4.2151352853486035
4.221643563472863
4.200744072596232
4.191954757228042
4.175567590829098
4.151306289615053
4.211611516547926
4.14359982808431
4.077083652669733
4.060392820473873
4.053659706404715
4.061718001510158
4.056801348021536
4.036830006223736
3.9926286827434194
3.988241759213534
4.017418326753559
4.005403330831816
3.983641263210412
3.9701864285902544
3.9231107234954834
3.953822150374904
3.9347093972292813
3.9373917507402822
3.8998333829821963
3.8886470288941353
3.896176085327611
3.865541053540779
3.8545180667530405
3.8367347861781265
3.8060529376521255
3.857326045180812
3.8469733252669824
3.83390254685373
3.823887586593628
3.8130599585446445
3.8407094478607178
3.779464020873561
3.79359474326625
3.8171996492328066
3.7928877382567436
3.748525467785922
3.7107595241431035
3.7196498495159727
3.750050270196163
3.7768809072899097
3.7387782010165127
3.7133742607001103
3.7240376183480928
3.6841988708033706
3.6776831655791313
3.7146122816837197
3.698670004353379
3.6895739381963555
3.6706121040113047
3.659966215942845
3.6553742307605166
3.6609835118958443
3.63659279274218
3.634479233712861
3.6167371706529097
3.65246877525792
3.610612890937112
3.602636886365486
3.632823929642186
3.600908142147642
3.605316920713945
3.574176535461888
3.5643205642700195
3.5702758557868726
3.577440211267182
3.56358349684513
3.571092569466793
3.562575694286462
3.552712599436442
3.546234809991085
3.5654972900043833
3.5353411255460796
3.6002344218167392
3.557434269876191
3.4941566423936323
3.5138822107604057
3.514640844229496
3.5183600367921772
3.511387384299076
3.519423824368101
3.497956644405018
3.4879873810392437
3.4724102887240322
3.498511437213782
3.501043363050981
3.5355457320357813
3.5209530411344585
3.487571246696241
3.4486226240793862
3.448044711893255
3.4626631664507315
3.4844823317094282
3.4678108330928916
3.4502999276825874
3.433739813891324
3.4173151724266284
3.440696514014042
3.4246311476736357
3.4198107069188897
3.421345428986983
3.4162949215282095
3.418691179969094
3.4014845183401397
3.4156988750804556
3.394879384474321
3.405714800863555
3.4256906364903306
3.4342909075997095
3.404214049830581
3.3839268973379424
3.4010954119942407
3.377702814159971
3.3881485100948447
3.3692818265972715
3.362696597070405
3.3694834636919424
3.3927261901624277
3.3703640085278135
3.3668903509775796
3.361285924911499
3.3754253604195337
3.3756198666312476
3.3613429719751533
3.3658780040162983
3.3335318926608926
3.328898574366714
3.3255430496100225
3.3081361669482607
3.326761563618978
3.304235725691824
3.2961607774098716
3.2997193986719306
3.3135030125126694
3.2865731860652114
3.276366609515566
3.2777055682558003
3.294331182133068
3.2855215072631836
3.2612573305765786
3.239842255910238
3.230981870131059
3.2456355167157724
3.2280854528600518
3.2368904532808247
3.236177747899836
3.2247976606542412
3.21138072013855
3.2451091679659756
3.220052480697632
3.208443121476607
3.194197344057488
3.183471491842559
3.1787414117292925
3.1795561530373315
3.1545611583825313
3.163367170276064
3.1639234658443565
3.144711378848914
3.145353165539828
3.164607951135346
3.1346359397425796
3.139056328571204
3.1338763887232
3.1335188909010454
3.147116942839189
3.117081389282689
3.1156270359501694
3.1211110895330254
3.080816391742591
3.109305475697373
3.0962971557270396
3.081404859369451
3.0790210564931235
3.0836588469418613
3.0545600977810947
3.0503337383270264
3.048877643816399
3.0383621129122647
3.024092435836792
3.039717977697199
3.018145698489565
2.995011871511286
3.0081705035585347
3.007968447425149
2.9818462097283565
2.9894896709557734
2.9910321307904795
2.9562629208420264
2.948672764229052
2.9437630537784463
2.9481385910149775
2.9613853512388286
2.9665632103428696
2.9603595011162036
2.9684658989761816
2.9303410703485664
2.919185884071119
2.9312539967623623
2.9073101896228213
2.9462331063819653
2.9232591932470147
2.895137555671461
2.8978523124348032
2.9116932912306352
2.868248195359201
2.8706163709813897
2.8975252238186924
2.8953740307779023
2.8604999094298393
2.840421337069887
2.8532756025140937
2.865345593654748
2.8203094294576934
2.851360219897646
2.8386615189639004
2.8296146537318374
2.8355527646613843
2.808527527433453
2.7969099102598247
2.810815341544874
2.801870887929743
2.784743814757376
2.8028363675782173
2.788204641053171
2.813649488217903
2.7930672602220015
2.772828875165997
2.7644198229818633
2.7510532754840273
2.7429279558586352
2.776759703954061
2.7507585684458413
2.721378738229925
2.7568261912374785
2.7475196448239414
2.7410256067911782
2.709972367142186
2.7160307710820977
2.7022670688051167
2.720099095142249
2.7205211971745347
2.6950721018242114
2.681057489279545
2.7408924464023476
2.707971327232592
2.7015788916385537
2.6782953811414316
2.674333839705496
2.6807682514190674
2.679976073178378
2.6610224030234595
2.6405936154452236
2.633856997345433
2.6319342671018657
2.672052340074019
2.6354556300423364
2.6332431851011333
2.6516810330477627
2.6256254947546758
2.6144692970044687
2.6272888617082075
2.6464493780425102
2.623365373322458
2.6089283986525102
2.618100556460294
2.614033113826405
2.5870919444344262
2.6057479020321006
2.6022865049766772
2.5784124605583423
2.568270928931959
2.5888520659822407
2.6055226253740713
2.5649498881715718
2.559839255882032
2.552956653363777
2.5530190395586416
2.560979720317956
2.5499226613478227
2.5573520877144555
2.5823427041371665
2.5608949877999048
2.5596007939540977
2.5369453502423838
2.5299935774369673
2.536941557219534
2.5400285865321304
2.5293643257834693
2.5524990703120376
2.50330722693241
2.5236994353207676
2.510866829843232
2.504468318187829
2.5024663824023623
2.498019312367295
2.4883976271658232
2.463630466750174
2.4935944586089165
2.4713142279422646
2.468828331340443
2.478671420704235
2.4816023725451846
2.456075010877667
2.45208545887109
2.4696538231589575
2.443222038673632
2.4563225760604395
2.475680820869677
2.4638601577643193
2.4634385470188027
2.4516676700476445
2.4563448067867393
2.435735153429436
2.442980506203391
2.4438004565961435
2.4521384672685103
2.438010295232137
2.430476036938754
2.426746794671723
2.408535025336526
2.4206708922530664
2.419052333542795
2.401172731861924
2.4237431251641475
2.418724609143806
2.4103792869683467
2.376676740068378
2.383121786695538
2.3820937980305064
2.390598094824589
2.3960501208449854
2.3946997252377598
2.3810302994467993
2.389027963985096
2.3850395968466094
2.380592938625451
2.355571320562652
2.342818513061061
2.3586340456297905
2.370315320564039
2.3669996622836953
2.3582598801815147
2.349878939715299
2.326592860799847
2.342879497643673
2.317056077899355
2.3297989874175102
2.3329441330649634
2.3385906797466856
2.335950605797045
2.3159944216410318
2.3206077705730093
2.3239503051295425
2.332513036149921
2.3260374213709976
2.308040662245317
2.2991622000029595
2.344377459901752
2.3510687640219023
2.290742115540938
2.2737373222004282
2.2865982778144605
2.2832174373395517
2.28992832068241
2.2675782478216924
2.28394036582022
2.279555414662217
2.2987089518344765
2.2754801909128823
2.2972273393110796
2.2699685963717373
2.259737394072793
2.2646298769748574
2.2393820863781553
2.2540326551957564
2.2254118558132285
2.250119433258519
2.260120070341862
2.2638190948601924
2.210169691028017
2.2308403650919595
2.266678477778579
2.2206365484179873
2.2271719484618218
2.237040060939211
2.213477192503033
2.2343317812139336
2.212346907817956
2.2221258264599424
2.202880541483561
2.209383021701466
2.1859034191478384
2.189565004724445
2.2092817732782075
2.2239224766239976
2.197711352146033
2.183758446664521
2.2035454042030103
2.1851005048462837
2.175067919673342
2.1739634997916943
2.1631084102572817
2.175650629130277
2.1824815742897266
2.18839354948564
2.187201875628847
2.1361696900743428
2.144275260694099
2.153731183572249
2.1448089895826397
2.1534982847444937
2.1585362643906563
2.1654837601112598
2.1442719264463945
2.167750521139665
2.104369990753405
2.1330637859575674
2.1496174985712226
2.1541104425083506
2.1286112973184297
2.1208120837356104
2.1081959551030938
